IMAGE QUALITY ASSESSMENT FOR EMBODIED AI
Chunyi Li1,2,3,∗Jiahao Xiao1,2,∗Jianbo Zhang1,∗Farong Wen1,2 Zicheng Zhang2 Yuan Tian2
Xiangyang Zhu2 Xiaohong Liu1 Zhengxue Cheng1,† Weisi Lin3 Guangtao Zhai1,2,†
1 Shanghai Jiao Tong University
2 Shanghai AI Lab
3 Nanyang Technological University
Project Page: https://github.com/aiben-ch/EmbodiedIQA
Human Visual System
Machine Visual System
Robot Visual System
[Perception] is poor. Since 
[Cognition] of table objects 
is affected by the noise. 
[Decision] and [Execution] 
are aligned with [Cognition].
[Perception] is good. Since 
[Cognition] of the semantic 
map remains unchanged. 
[Decision] and [Execution] 
are aligned with [Cognition].
[Perception]
[Cognition]
[Decision]
[Execution]
H: Eye
R: Camera
H: Cerebrum
R: VLM
H: Cerebellum
R: VLA
H: Arm
R: Motor
Task: 
Remove 
the blue 
slide on
LEGO board
Route
[Cognition] VS [Decision]
<reference>                        <distorted>
Task: Pick up the banana next to the orange.
Result: VLM chose the right banana on <dis> 
and <ref>, but VLA cannot locate the grab 
coordinate point, thus takes the left banana.
    [Decision] VS [Execution]
<reference>                        <distorted>
Task: Put the red cube into the blue bowl.
Result: The path planned by VLA on <dis> is 
only slightly off the <ref>, but such difference 
caused the gripper to hit the obstacle cup.
×
External
Reality
Internal
Reality
[Perception]: Quality Indicator
Embodied IQA
Distortion
Evaluate the negative impact of distortion on 
[Cognition], [Decision], and [Execution]  
Figure 1: The significant gap between human, machine, and robot visual systems. Humans and
Machines are sensitive to different distortions, while Robots have Decision and Execution steps
beyond Cognition, highlighting the importance of a Perception quality index for Embodied AI.
ABSTRACT
Embodied AI has developed rapidly in recent years, but it is still mainly deployed
in laboratories, with various distortions in the Real-world limiting its application.
Traditionally, Image Quality Assessment (IQA) methods are applied to predict
human preferences for distorted images; however, there is no IQA method to assess
the usability of an image in embodied tasks, namely, the perceptual quality for
robots. To provide accurate and reliable quality indicators for future embodied
scenarios, we first propose the topic: IQA for Embodied AI. Specifically, we (1)
based on the Mertonian system and meta-cognitive theory, constructed a perception-
cognition-decision-execution pipeline and defined a comprehensive subjective score
collection process; (2) established the Embodied-IQA database, containing over
30k reference/distorted image pairs, with more than 5m fine-grained annotations
provided by Vision Language Models/Vision Language Action-models/Real-world
robots; (3) trained and validated the performance of mainstream IQA methods on
Embodied-IQA, demonstrating the need to develop more accurate quality indicators
for Embodied AI. We sincerely hope that through evaluation, we can promote the
application of Embodied AI under complex distortions in the Real-world.
1
INTRODUCTION
To achieve Artificial General Intelligence (AGI), Embodied AI, as a bridge connecting external
and internal realities, has developed rapidly in recent years. Relying on its ability to interact with
the physical environment, Embodied AI Duan et al. (2022); Savva et al. (2019); Liu et al. (2024b)
has been applied to simple scenarios such as factories and warehouses, but it is not yet capable
of handling complex environments like autonomous driving and wilderness exploration. Unlike
traditional robotics driven by fixed algorithms, Embodied AI collects signals from the Real-world
1


and is therefore susceptible to distortions. For example, a pick-and-place task may be successfully
debugged in the laboratory, but it may fail in Real-world applications due to slight lens shaking.
Therefore, the preferences of Embodied AI should be analyzed to filter out these low-quality images.
For human viewers, this problem can be solved through Image Quality Assessment (IQA) metrics.
For example, in streaming media, collect human subjective preferences for distorted images. Since
human resources are expensive, IQA will develop objective quality indicators to fit subjective scores.
Similarly, for Embodied AI, it is also necessary to collect the success rate of downstream tasks using
distorted images, quantifying the fidelity with the reference results, and developing IQA metrics.
Unfortunately, due to the significant differences between Human/Machine/Robot Visual Systems
(HVS/MVS/RVS), previous IQA methods cannot be directly transferred to Embodied AI scenarios,
as shown in Figure 1. First, HVS and MVS are sensitive to different types of distortions. Humans are
sensitive to distortions such as noise and compression, which do not affect the downstream tasks of
machines. Brightness and contrast are the opposite. Therefore, as a machine, Embodied AI cannot use
the past human-oriented processing methods. Second, although MVS and RVS are sensitive to some
common distortions, the perceptual quality of a general machine only depends on the performance
of segmentation and detection tasks that belong to Cognition. Robots, however, have subsequent
Decision and Execution steps. High fidelity in the previous step does not guarantee the success of the
next. Therefore, unlike a general machine, it is necessary to fully consider Cognition, Decision, and
Execution to characterize the Perception of Embodied AI. Considering these issues, we first attempt
to implement IQA metrics into Embodied AI. Our contributions are summarized as follows:
• Theory: We refer to the Mertonian Law in robotic intelligence to construct the Perception-
Cognition-Decision-Execution pipeline. We define tasks related to Embodied Perception
and specify the subjects for each step in Cognition, Decision, and Execution.
• Data:
We add corruption to images in Embodied tasks, collecting over 36k refer-
ence/distorted image pairs. We perform inference using Vision Language Models (VLM)
and Vision Language Action-model (VLA) for over 5 million annotations. This large-scale
database can effectively drive the development of quality metrics for Embodied AI.
• Experiment: We experiment with 15 advanced IQA methods on our database, proving that
more sophisticated IQA metrics are needed for Embodied AI. Additionally, we first conduct
real-world experiments in the IQA field, executing 1.5k Embodied tasks in the Real-world,
revealing the internal connections between Cognition, Decision, and Execution.
2
RELATED WORKS
2.1
MERTONIAN SYSTEM FOR ROBOTIC INTELLIGENCE
Intelligent models are divided into Newtonian and Mertonian Wang (2012) systems. Newtonian
systems typically refer to those systems that can be precisely described and predicted by deterministic
physical laws, such as classical mechanical systems. In contrast, Mertonian systems involve systems
that include ‘free will’, whose behavior is influenced by feedback between beliefs and actions. The
characteristic of such systems is that even given the current state and control conditions, the next state
of the system cannot be accurately obtained by solving, so its behavior is difficult to predict precisely.
HVS and MVS can both be simplified as Newtonian systems, since their Decision and Execution
processes are robust. However, the Decision and Execution of RVS do not fully match Cognition.
For example, a deviation of one character in Cognition may greatly change the pose in Decision; a
one-centimeter path offset in Decision may also cause Execution to hit obstacles. Since the impact of
distortion on these steps is unpredictable, it is necessary to handle them separately for the IQA task.
2.2
IMAGE QUALITY ASSESSMENT FOR MACHINE
Since 1999, Perception has been recognized as the first step in the interaction between AI agents
and external reality, whose mechanism Rickel & Johnson (1999); Cassimatis et al. (2004); Lepora &
Pezzulo (2015); Balke & Gilbert (2014) has been revealed. However, no perceptual quality score has
been assigned to each distorted image like current IQA Li et al. (2024b; 2025b); Liu et al. (2024a)
metrics, which is exactly Embodied AI needs in Real-world applications. In the past decades, IQA
has been widely studied as shown in Table 1, but none of them meet the above needs of Embodied AI.
2


Table 1: Comparison of Embodied-IQA with other perceptual quality databases. As a machine-
oriented database, Embodied-IQA has not only more image samples and a larger annotation scale,
but also comprehensive labels on three downstream steps. [Keys: Cognition, Decision, Execution]
Database
Image
Corruption
Annotation
Reference
Distorted Resolution
Types
Strength
Num
Dimension
Subjects
Cog.
Dec.
Exe.
LIVEMoorthy & Bovik (2011)
29
779
768
5
5
25k
1
Human (General)
✓
TID2013Ponomarenko et al. (2015)
25
3k
512
24
5
514k
1
Human (General)
✓
KADID-10KLin et al. (2019)
81
10k
1k
25
5
304k
1
Human (General)
✓
CLIC2021Ballé & et al. (2020)
585
3k
1k
10
3
484k
1
Human (General)
✓
NTIRE2022Gu et al. (2022)
250
29k
288
40
5
1.13m
1
Human (General)
✓
AGIQA-3KLi et al. (2023)
-
3k
1k
-
-
125k
1+1
Human (Multimodal)
✓
✓
NTIRE2024Li et al. (2024a)
-
20k
1k
-
-
420k
1+1
Human (Multimodal)
✓
✓
MPD Li et al. (2025a)
1k
30k
1k
30
5
2.25m
5
Machine (General)
✓
EPD Zhang et al. (2024a)
100
2.5k
256
25
5
30k
2
Machine (General)
✓
Embodied-IQA (ours)
1.23k
36.9k
1k
30
5
5.53m
3+3+1
Machine (Robot)
✓
✓
✓
First, most databases are human-oriented, with only two coarse-grained Zhang et al. (2024c;d), two
fine-grained Li et al. (2025a); Zhang et al. (2024a) machines as subjects (VLM and reinforcement
learning); second, as mentioned above, no database covers Cognition, Decision, and Execution
altogether. Considering the characteristics of Embodied AI, it is necessary to establish a new dataset
in accordance with the requirements of the Mertonian system.
3
DATABASE CONSTRUCTION
3.1
REFERENCE & DISTORTED IMAGE COLLECTION
To comprehensively characterize the data in Embodied scenarios, we collect 1,230 high-quality
samples as reference images. (see Supplementary for data source) All data are pre-processed by
Q-Align Wu et al. (2024) to avoid pre-distortion before adding distortion. We focused on two aspects,
Sim2Real and Perspective, to ensure coverage of both real and simulation, as well as first-person and
third-person perspectives. In addition, we divided the subjects and backgrounds into five categories
each, as shown in Figure 2, to ensure versatility by involving each category in the database.
For the distorted images, according to the corruption caused by the current communication protocols,
30 distortion types are considered and classified into 7 categories: Blur, various types of unclear image;
Luminance, global brightness changes; Chrominance, global color changes; Noise, random noise of
different distributions; Compression, codec algorithm like JPEG; Spatial, local pixel-level changes;
and others. For each distortion, we defined 5 intensity levels, ensuring the quality degradation
perceived by the HVS is aligned at the same level. Thus, for each reference image, we randomly
selected the intensity to add all the corruptions mentioned above, resulting in 36,900 distorted images.
The reference/distorted image pairs will then be annotated by Embodied AI subjects.
3.2
PERCEPTION: TASK DEFINITION
Perception refers to receiving information about the external environment, where Embodied AI
obtains information through sensors, similar to human sensory organs. Considering that more than
82% of human external input signals come from vision, we simplify this step of Embodied AI to the
camera. First of all, we need to clarify the factors that Embodied AI focuses on in Perception. When
viewing an image, HVS pays attention to factors such as brightness/chromaticity, while MVS/RVS
relies on specific downstream tasks. Therefore, based on information such as objects, layout, and
environment in the image, we manually annotate 5 tasks for each reference sample in natural language,
as in previous MVS Li et al. (2025a) works. The difficulty of the tasks here increases in sequence and
is limited to [Cover, Insert, Move, Pick, Place, Pour, Press, Pull, Push, Twist] to
avoid being too difficult. All subsequent steps are based on the task corresponding to each image, and
the image quality depends on the similarity of the reference/distorted image pair inference results.
3.3
COGNITION: VLM ANNOTATION
Cognition refers to the process of processing and understanding information after perception, includ-
ing recognition, classification, memory, and reasoning. This function of Embodied AI is implemented
3


Reference Data Collection (1,230 instance) 
(c) Mechanical
(c) Daily
(c) Electronic
(c) Tools
(c) Other
(d) Home
(d) Industrial
(d) Software
(d) Lab
(d) Other
(a) Real
(a) Simulation
(b) First-person (b) Third-person
Type:
(a) Sim2Real
(b) Perspective
(c) Main Object
(d) Background
Simualtion
Embodied
IQA
Database
Distorted Data Collection (36,900 instance) 
Spatial
10%
Luminance
Others
Blur
Chrominance 
Compression
Noise
17%
10%
20%
13%
23%
7%
Cognition Annotation (2,767,500 labels)
 <ref>: Move toward the green board.
 <dis1>: Move toward the black board. 
(score: 4.2/5)
 <dis2>: There is no board on the table.
(score: 1.3/5)
Decision Annotation (2,767,500 labels)
 <ref>: [0.03,0.00,0.05],[0.11,0.01,0.02],[1]
 <dis1>: [0.03,0.01,0.01],[0.15,0.02,0.02],[1] (score: 3.8/5)
 <dis2>: [0.42,0.41,0.05],[0.13,0.10,0.00],[0] (score: 0.8/5) 
Execution Vaildation (1,500 labels) 
15 mainstream VLM
Perception Question (6,150 tasks)
Difficulty1: Push back the board on the table.
Difficulty2: Lower the yellow object to the left.
... 
Difficulty5: Move the red block two squares horizontally to 
the right, keeping the vertical position unchanged.
15 mainstream VLA
Real-world pipeline
 <dis1>: [3.2cm, 4.4cm] away from result <ref>; <dis2>: Hit desktop forces an interruption
Figure 2: Database construction of the Embodied-IQA, with 30k+ large-scale reference/distorted
image pairs, meticulously annotated with 2m+ fine-grained Cognition score from 15 mainstream
VLMs, 2m+ Decision score from 15 VLAs, and 1.5k real-world experiments as Execution score.
through VLM, which corresponds to the human cerebrum. Specifically, we selected 15 commonly
used VLMs for cognition, including: Mini-InternVL Gao et al. (2024), InternLM-Xcomposer2
Dong et al. (2024), InternLM-Xcomposer2.5 Zhang et al. (2024b), InternVL2 Chen et al. (2024b),
InternVL2.5 Chen et al. (2025), InternVL3 Zhu et al. (2025), MPlugOwl3 Ye et al. (2024), Ovis1.5-
Gemma Team et al. (2025), Ovis1.6-Llama Touvron et al. (2023), Ovis2 Lu et al. (2024), Phi3-Vision
Abdin et al. (2024b), Phi3.5-Vision Abdin et al. (2024a), Phi4-Multimodal Microsoft et al. (2025),
Qwen2-VL Yang et al. (2024), and Qwen2.5-VL Bai et al. (2025). To ensure usability in the
Real-world, the parameter size we selected is all below 8B to ensure real-time inference.
Considering the output modality is textual, VLMs will be required to solve the pre-defined task in
about 10 words, and the difference between reference/distorted output sentences will be measured.
Specifically, the difference between the two output sentences includes three dimensions: accuracy,
recall, and semantics, which are realized by the average of three classic indicators: BLEU Papineni
et al. (2002), ROUGE Vedantam et al. (2015), and CIDEr Vedantam et al. (2015).
3.4
DECISION: VLA ANNOTATION
Decision refers to selecting the best course of action based on goals, rules, and experience, according
to Cognition results. This function of Embodied AI is implemented through VLA, which corresponds
to the human cerebellum. Specifically, we selected 15 commonly used VLA for Decision, including:
CogACT Li et al. (2024c), Embodied-CoT Zawalski et al. (2025), Octo Team et al. (2024), OpenVLA
Kim et al. (2024a), OpenVLA-Libero Kim et al. (2024c), OpenVLA-Goal Kim et al. (2024b),
OpenVLA-Libero-Object Kim et al. (2024b), OpenVLA-Libero-Spatial Kim et al. (2024b), Pi0-
Aloha-Pen Black et al. (2024b), Pi0-Aloha-Towel Black et al. (2024b), Pi0-Aloha-Tupperware Black
et al. (2024b), Pi0-Base Black et al. (2024a), Pi0-Droid Pertsch et al. (2025), Pi0-Fast Pertsch et al.
(2025), and RT-X-1 Collaboration et al. (2025), whose parameter size is controlled at 8B.
Noted that since Embodied-IQA first introduced VLA into the IQA task, we define the quality of
VLA as three dimensions. First, we parse the 7-DoF Pose1 output field. According to the mechanism
of VLA, the first three represent position 2 (translation of the operator along the three-dimensional
coordinate system, in mm), the middle three represent rotation (rotation of the operator along the
three-dimensional coordinate system, in rad), and the last one represents state (opening and closing of
the operator, range [0-1]). The position score is based on the spatial distance of the coordinate points
1We will discard information beyond the above 7-DoF like depth, for alignment between VLAs.
2For two-arm VLAs, we only select the arm with the larger movement range.
4


Recall
Precision
Semantic
Level 1
Level 2
Level 3
Level 4
Level 5
3.673
3.536
4.125
4.090
3.915
3.759
3.613
3.444
1.111
0.806
2.101
1.381
1.362
1.343
1.322
1.282
Qwen2.5-VL
Phi4-Multimodal
Ovis2
MPlugOwl3
InternVL2
InternX2
State
Rotation
Position
Level 1
Level 2
Level 3
Level 4
Level 5
4.061
0.699
1.456
2.488
2.247
2.086
1.931
1.744
3.624
4.239
4.285
4.317
4.105
3.957
3.885
3.809
RT-X-1
Pi0-Base
OpenVLA
Octo
Embodied-CoT
CogACT
Figure 3: Benchmarking VLMs&VLAs in 3 different score dimensions and 5 distortion levels. Their
performance varies in 3 dimensions and decreases with the distortion. (Zoom in for detail)
a b c d e f g h i
j k l m n o
a
b
c
d
e
f
g
h
i
j
k
l
m
n
o
1.00 0.07 0.40 0.54 0.56 0.10 0.42 0.21 0.62 0.28 0.63 0.12 0.08 0.26 0.55
0.07 1.00 0.17 0.01 0.07 0.07 0.20 0.05 0.07 0.08 0.10 0.01 0.20 0.28 0.06
0.40 0.17 1.00 0.16 0.09 0.14 0.35 0.04 0.55 0.15 0.09 0.08 0.26 0.20 0.27
0.54 0.01 0.16 1.00 0.59 0.13 0.49 0.35 0.38 0.45 0.56 0.24 0.38 0.46 0.61
0.56 0.07 0.09 0.59 1.00 0.02 0.51 0.13 0.52 0.44 0.55 0.14 0.11 0.05 0.70
0.10 0.07 0.14 0.13 0.02 1.00 0.04 0.24 0.00 0.22 0.06 0.06 0.21 0.25 0.15
0.42 0.20 0.35 0.49 0.51 0.04 1.00 0.12 0.44 0.48 0.34 0.09 0.26 0.24 0.37
0.21 0.05 0.04 0.35 0.13 0.24 0.12 1.00 0.03 0.16 0.04 0.22 0.29 0.00 0.17
0.62 0.07 0.55 0.38 0.52 0.00 0.44 0.03 1.00 0.27 0.51 0.06 0.17 0.17 0.54
0.28 0.08 0.15 0.45 0.44 0.22 0.48 0.16 0.27 1.00 0.32 0.33 0.36 0.19 0.58
0.63 0.10 0.09 0.56 0.55 0.06 0.34 0.04 0.51 0.32 1.00 0.19 0.26 0.34 0.50
0.12 0.01 0.08 0.24 0.14 0.06 0.09 0.22 0.06 0.33 0.19 1.00 0.51 0.05 0.05
0.08 0.20 0.26 0.38 0.11 0.21 0.26 0.29 0.17 0.36 0.26 0.51 1.00 0.26 0.31
0.26 0.28 0.20 0.46 0.05 0.25 0.24 0.00 0.17 0.19 0.34 0.05 0.26 1.00 0.02
0.55 0.06 0.27 0.61 0.70 0.15 0.37 0.17 0.54 0.58 0.50 0.05 0.31 0.02 1.00
Precision (0.31)
a b c d e f g h i
j k l m n o
a
b
c
d
e
f
g
h
i
j
k
l
m
n
o
1.00 0.17 0.47 0.58 0.60 0.06 0.44 0.19 0.59 0.29 0.67 0.02 0.03 0.41 0.64
0.17 1.00 0.03 0.01 0.03 0.04 0.17 0.01 0.02 0.00 0.08 0.08 0.09 0.20 0.05
0.47 0.03 1.00 0.25 0.18 0.14 0.42 0.03 0.47 0.24 0.13 0.18 0.04 0.36 0.35
0.58 0.01 0.25 1.00 0.58 0.20 0.46 0.34 0.37 0.37 0.53 0.12 0.39 0.42 0.57
0.60 0.03 0.18 0.58 1.00 0.06 0.48 0.08 0.51 0.41 0.61 0.09 0.16 0.21 0.68
0.06 0.04 0.14 0.20 0.06 1.00 0.08 0.27 0.05 0.21 0.04 0.08 0.26 0.07 0.19
0.44 0.17 0.42 0.46 0.48 0.08 1.00 0.15 0.39 0.49 0.40 0.08 0.20 0.30 0.39
0.19 0.01 0.03 0.34 0.08 0.27 0.15 1.00 0.03 0.07 0.12 0.08 0.33 0.08 0.09
0.59 0.02 0.47 0.37 0.51 0.05 0.39 0.03 1.00 0.35 0.57 0.02 0.15 0.32 0.57
0.29 0.00 0.24 0.37 0.41 0.21 0.49 0.07 0.35 1.00 0.42 0.32 0.37 0.09 0.59
0.67 0.08 0.13 0.53 0.61 0.04 0.40 0.12 0.57 0.42 1.00 0.12 0.27 0.41 0.55
0.02 0.08 0.18 0.12 0.09 0.08 0.08 0.08 0.02 0.32 0.12 1.00 0.50 0.04 0.01
0.03 0.09 0.04 0.39 0.16 0.26 0.20 0.33 0.15 0.37 0.27 0.50 1.00 0.21 0.23
0.41 0.20 0.36 0.42 0.21 0.07 0.30 0.08 0.32 0.09 0.41 0.04 0.21 1.00 0.29
0.64 0.05 0.35 0.57 0.68 0.19 0.39 0.09 0.57 0.59 0.55 0.01 0.23 0.29 1.00
Recall (0.31)
a b c d e f g h i
j k l m n o
a
b
c
d
e
f
g
h
i
j
k
l
m
n
o
1.00 0.06 0.25 0.57 0.58 0.01 0.30 0.08 0.53 0.36 0.63 0.23 0.03 0.26 0.62
0.06 1.00 0.21 0.02 0.02 0.00 0.15 0.14 0.11 0.27 0.15 0.03 0.10 0.23 0.07
0.25 0.21 1.00 0.25 0.12 0.18 0.38 0.04 0.32 0.29 0.05 0.21 0.02 0.18 0.37
0.57 0.02 0.25 1.00 0.52 0.14 0.41 0.17 0.31 0.44 0.53 0.21 0.39 0.22 0.52
0.58 0.02 0.12 0.52 1.00 0.04 0.44 0.04 0.42 0.55 0.58 0.18 0.26 0.27 0.74
0.01 0.00 0.18 0.14 0.04 1.00 0.17 0.00 0.00 0.06 0.01 0.13 0.13 0.29 0.13
0.30 0.15 0.38 0.41 0.44 0.17 1.00 0.13 0.31 0.48 0.30 0.03 0.28 0.38 0.40
0.08 0.14 0.04 0.17 0.04 0.00 0.13 1.00 0.09 0.08 0.16 0.19 0.28 0.18 0.11
0.53 0.11 0.32 0.31 0.42 0.00 0.31 0.09 1.00 0.39 0.58 0.17 0.06 0.40 0.55
0.36 0.27 0.29 0.44 0.55 0.06 0.48 0.08 0.39 1.00 0.46 0.28 0.23 0.41 0.64
0.63 0.15 0.05 0.53 0.58 0.01 0.30 0.16 0.58 0.46 1.00 0.21 0.23 0.43 0.49
0.23 0.03 0.21 0.21 0.18 0.13 0.03 0.19 0.17 0.28 0.21 1.00 0.28 0.02 0.14
0.03 0.10 0.02 0.39 0.26 0.13 0.28 0.28 0.06 0.23 0.23 0.28 1.00 0.10 0.15
0.26 0.23 0.18 0.22 0.27 0.29 0.38 0.18 0.40 0.41 0.43 0.02 0.10 1.00 0.36
0.62 0.07 0.37 0.52 0.74 0.13 0.40 0.11 0.55 0.64 0.49 0.14 0.15 0.36 1.00
Semantic (0.30)
a b c d e f g h i
j k l m n o
a
b
c
d
e
f
g
h
i
j
k
l
m
n
o
1.00 0.16 0.20 0.01 0.24 0.26 0.21 0.34 0.03 0.04 0.36 0.09 0.21 0.24 0.25
0.16 1.00 0.35 0.14 0.16 0.03 0.12 0.25 0.08 0.08 0.08 0.03 0.33 0.11 0.26
0.20 0.35 1.00 0.11 0.01 0.44 0.64 0.37 0.10 0.20 0.20 0.03 0.45 0.53 0.26
0.01 0.14 0.11 1.00 0.08 0.03 0.08 0.44 0.07 0.00 0.05 0.29 0.40 0.15 0.03
0.24 0.16 0.01 0.08 1.00 0.16 0.13 0.11 0.16 0.07 0.16 0.05 0.25 0.16 0.04
0.26 0.03 0.44 0.03 0.16 1.00 0.35 0.16 0.18 0.40 0.42 0.04 0.25 0.69 0.44
0.21 0.12 0.64 0.08 0.13 0.35 1.00 0.17 0.10 0.26 0.39 0.26 0.47 0.27 0.19
0.34 0.25 0.37 0.44 0.11 0.16 0.17 1.00 0.40 0.05 0.03 0.06 0.39 0.17 0.09
0.03 0.08 0.10 0.07 0.16 0.18 0.10 0.40 1.00 0.01 0.13 0.08 0.12 0.05 0.26
0.04 0.08 0.20 0.00 0.07 0.40 0.26 0.05 0.01 1.00 0.15 0.16 0.03 0.25 0.07
0.36 0.08 0.20 0.05 0.16 0.42 0.39 0.03 0.13 0.15 1.00 0.19 0.26 0.07 0.21
0.09 0.03 0.03 0.29 0.05 0.04 0.26 0.06 0.08 0.16 0.19 1.00 0.30 0.11 0.06
0.21 0.33 0.45 0.40 0.25 0.25 0.47 0.39 0.12 0.03 0.26 0.30 1.00 0.31 0.18
0.24 0.11 0.53 0.15 0.16 0.69 0.27 0.17 0.05 0.25 0.07 0.11 0.31 1.00 0.35
0.25 0.26 0.26 0.03 0.04 0.44 0.19 0.09 0.26 0.07 0.21 0.06 0.18 0.35 1.00
Position (0.25)
a b c d e f g h i
j k l m n o
a
b
c
d
e
f
g
h
i
j
k
l
m
n
o
1.00 0.35 0.27 0.20 0.16 0.38 0.01 0.35 0.12 0.11 0.39 0.30 0.02 0.09 0.13
0.35 1.00 0.03 0.22 0.06 0.08 0.07 0.15 0.01 0.05 0.29 0.34 0.23 0.27 0.26
0.27 0.03 1.00 0.28 0.21 0.17 0.12 0.09 0.08 0.23 0.07 0.16 0.23 0.06 0.13
0.20 0.22 0.28 1.00 0.22 0.24 0.15 0.12 0.06 0.16 0.28 0.19 0.13 0.40 0.37
0.16 0.06 0.21 0.22 1.00 0.23 0.18 0.05 0.19 0.07 0.08 0.03 0.08 0.17 0.48
0.38 0.08 0.17 0.24 0.23 1.00 0.02 0.11 0.14 0.02 0.55 0.15 0.22 0.37 0.53
0.01 0.07 0.12 0.15 0.18 0.02 1.00 0.17 0.20 0.03 0.14 0.11 0.03 0.30 0.16
0.35 0.15 0.09 0.12 0.05 0.11 0.17 1.00 0.17 0.09 0.30 0.44 0.10 0.07 0.04
0.12 0.01 0.08 0.06 0.19 0.14 0.20 0.17 1.00 0.05 0.19 0.10 0.26 0.23 0.07
0.11 0.05 0.23 0.16 0.07 0.02 0.03 0.09 0.05 1.00 0.28 0.06 0.17 0.02 0.04
0.39 0.29 0.07 0.28 0.08 0.55 0.14 0.30 0.19 0.28 1.00 0.30 0.17 0.17 0.24
0.30 0.34 0.16 0.19 0.03 0.15 0.11 0.44 0.10 0.06 0.30 1.00 0.09 0.19 0.14
0.02 0.23 0.23 0.13 0.08 0.22 0.03 0.10 0.26 0.17 0.17 0.09 1.00 0.14 0.27
0.09 0.27 0.06 0.40 0.17 0.37 0.30 0.07 0.23 0.02 0.17 0.19 0.14 1.00 0.36
0.13 0.26 0.13 0.37 0.48 0.53 0.16 0.04 0.07 0.04 0.24 0.14 0.27 0.36 1.00
Rotation (0.23)
a b c d e f g h i
j k l m n o
a
b
c
d
e
f
g
h
i
j
k
l
m
n
o
1.00 0.02 0.27 0.27 0.21 0.35 0.12 0.50 0.04 0.33 0.19 0.34 0.12 0.10 0.06
0.02 1.00 0.44 0.21 0.20 0.24 0.06 0.07 0.20 0.20 0.54 0.07 0.14 0.13 0.13
0.27 0.44 1.00 0.01 0.16 0.41 0.20 0.36 0.14 0.34 0.65 0.17 0.37 0.33 0.15
0.27 0.21 0.01 1.00 0.12 0.32 0.00 0.30 0.19 0.37 0.05 0.38 0.10 0.22 0.05
0.21 0.20 0.16 0.12 1.00 0.21 0.14 0.29 0.11 0.34 0.11 0.06 0.28 0.21 0.31
0.35 0.24 0.41 0.32 0.21 1.00 0.12 0.46 0.23 0.30 0.48 0.34 0.17 0.23 0.33
0.12 0.06 0.20 0.00 0.14 0.12 1.00 0.02 0.15 0.17 0.43 0.42 0.39 0.40 0.06
0.50 0.07 0.36 0.30 0.29 0.46 0.02 1.00 0.04 0.61 0.30 0.35 0.38 0.19 0.19
0.04 0.20 0.14 0.19 0.11 0.23 0.15 0.04 1.00 0.21 0.01 0.07 0.18 0.05 0.07
0.33 0.20 0.34 0.37 0.34 0.30 0.17 0.61 0.21 1.00 0.28 0.22 0.17 0.18 0.23
0.19 0.54 0.65 0.05 0.11 0.48 0.43 0.30 0.01 0.28 1.00 0.36 0.34 0.24 0.17
0.34 0.07 0.17 0.38 0.06 0.34 0.42 0.35 0.07 0.22 0.36 1.00 0.35 0.49 0.07
0.12 0.14 0.37 0.10 0.28 0.17 0.39 0.38 0.18 0.17 0.34 0.35 1.00 0.31 0.18
0.10 0.13 0.33 0.22 0.21 0.23 0.40 0.19 0.05 0.18 0.24 0.49 0.31 1.00 0.13
0.06 0.13 0.15 0.05 0.31 0.33 0.06 0.19 0.07 0.23 0.17 0.07 0.18 0.13 1.00
State (0.28)
Figure 4: Correlation matrix of VLMs&VLAs subjects, the a-o order follows Section 3.3,3.4. Darker
colors denote a higher SRCC, with the averaged SRCC attached to the bottom of the matrix.
obtained from the reference/distorted image, the rotation score is based on the cosine similarity of
directional vectors, and the last one is the absolute difference. The three dimensions are averaged
after 0-1 normalization, and report the sum of the five task results as the final Decision score.
3.5
EXECUTION: REAL-WORLD VALIDATION
Execution refers to the process of transforming decisions into actual movements. This part of
Embodied AI relies on specific actuators, corresponding to the human motor system. Based on
kinematic statistics, the upper limbs dominate among all muscles and complete over 50% of daily
movements. Therefore, we use the robotic arm as the most representative actuator. Specifically, we
execute tasks based on the inference results of VLA, with three scenarios: (1) Success: Directly
assign score 100 to the sample; (2) Failure: Measure the Euclidean distance between the reference
and distorted results based on the final pose of the actuator, and deduct points in centimeters; (3)
Emergency stop: If the actuator hits the table or wall, directly assign score 0. Considering the
uncontrollable factors in real-machine experiments, we only execute the task with the lowest difficulty
level among the 5 tasks to verify whether the results of VLM and VLA align with the Real-world.
4
DATABASE ANALYSIS
This section analyzes Embodied-IQA database from four dimensions: On the model level, we (1)
Benchmark the VLMs and VLAs when processing the distorted images; (2) Explore the internal
correlation between VLMs and VLAs; On the instance level, we (3) Compare the score distributions
under different categories and distortions; (4) Analyze the distortion sensitivity of VLMs/VLAs.
[Benchmark] We select 6 representative VLM and VLA in Figure 3. As the distortion level increases,
the total scores of both VLM and VLA gradually decrease. However, the differences among the
three scoring dimensions of VLM are much greater than the level of distortion. After distortion, the
Semantic score of the image decreases relatively little, followed by Recall, and then Precision. In
VLM, the reference/distorted output of MPlugOwl3 is the most consistent, while advanced models
like Qwen2.5-VL are less robust. Therefore, distortion usually affects VLM at the character level
rather than the semantic level, and it is more likely to output redundant text than to lose information.
Meanwhile, there are also significant differences among the three scoring dimensions of VLA. In
VLA, Octo shows strong robustness to distortion in Position and Rotation, while models like CogACT
and OpenVLA are more faithful in State. Among them, State changes little after distortion, Position
changes more, and Rotation is the most easily affected by distortion. This indicates that distortion
5


1
2
3
4
5
Gaussian filter
0
100
200
1
2
3
4
5
Lens blur
0
100
200
1
2
3
4
5
Motion blur
0
100
200
1
2
3
4
5
Color diffusion
0
100
200
1
2
3
4
5
Color shift
0
100
200
1
2
3
4
5
Color quantization
0
100
200
1
2
3
4
5
HSV saturation
0
100
200
1
2
3
4
5
Lab saturation
0
100
200
1
2
3
4
5
JP2K compression
0
100
200
1
2
3
4
5
JPEG compression
0
100
200
1
2
3
4
5
WEBP compression
0
100
200
1
2
3
4
5
White noise
0
100
200
1
2
3
4
5
Color noise
0
100
200
1
2
3
4
5
Impulse noise
0
100
200
1
2
3
4
5
Multiplicative noise
0
100
200
1
2
3
4
5
Gaussian denoise
0
100
200
1
2
3
4
5
CNN denoise
0
100
200
1
2
3
4
5
Maximum brighten
0
100
200
1
2
3
4
5
Minimum darken
0
100
200
1
2
3
4
5
Mean brighten
0
100
200
1
2
3
4
5
Mean darken
0
100
200
1
2
3
4
5
Clock jittering
0
100
200
1
2
3
4
5
Block exchange
0
100
200
1
2
3
4
5
Block lost
0
100
200
1
2
3
4
5
Block interpolation
0
100
200
1
2
3
4
5
Block repeat
0
100
200
1
2
3
4
5
Resolution limit
0
100
200
1
2
3
4
5
Grayscale quantization
0
100
200
1
2
3
4
5
Sharpeness change
0
100
200
1
2
3
4
5
Contrast change
0
100
200
Figure 5: Decision score visualized in 30 distortion subsets. Different color denotes distortion Level
1-Level 2-Level 3-Level 4-Level 5. Different distortions affecting VLAs vary significantly.
usually does not affect the end operator but has a significant impact on the robot arm. Therefore,
VLA needs to be carefully selected to ensure high-quality output of the first 6-DoF.
[Correlation] We visualize the correlation between subject models in Figure 4 according to the
order of models in Section 3.3,3.4 through Spearman Rank-order Correlation Coefficient (SRCC).
According to past IQA Li et al. (2025a) work, the correlation of HVS is usually above 0.6, while that
of MVS is often less than 0.5. In specific machine tasks, detection has better correlation, while Visual
Question Answering (VQA) may even be less than 0.4. For Cognition, which uses VLM to solve
embodied tasks (a degraded form of VQA), the correlation is only about 0.3. Moreover, we find that
the correlation of VLA is even lower than that of VLM, at around 0.25. Therefore, when evaluating
VLM and VLA, using only one model as the subject is far from sufficient, especially for VLA. It
is necessary to collect their general preference. This also reflects the necessity of constructing the
Embodied-IQA database and the separation of Cognition and Decision in the RVS.
[Distribution] Since Decision is more downstream than Cognition and has never been deeply
investigated in IQA, we show the distribution of Decision and put Cognition in the supplementary.
Figure 5 shows the Decision score distribution under 30 types of distortions and 5 intensity levels.
Results show that RVS and the traditional HVS have significant differences. Taking brightness as an
example, Embodied AI is highly sensitive to ‘Maximum brighten/darken’, and the quality significantly
decreases with the distortion level; however, it is rarely affected by ‘Mean brighten/darken’, and
there is no significant distribution change from level 1 to 5. These findings emphasize the differences
between RVS and HVS. Figure 6 lists the relation of the three Decision dimensions and the score
distributions corresponding to different image categories. Overall, Position, Rotation, and State
show independent distributions. In the Sim2Real distribution, the real scores are relatively high,
indicating that VLA is better at Real-World data; the first-person results are far worse than the
third-person results, indicating that in the training data of VLA, the sampling tools and actuators
are rarely integrated, which needs to be improved in the future. These findings jointly support the
rationality of the division of source image data and annotation dimensions in Embodied-IQA.
[Sensitivity] The difference between MVS and HVS causes VLM to be highly sensitive to some
distortion categories, but robust to others; the difference between RVS and HVS also causes VLA to
have a similar phenomenon. We combined the Just-Noticable-Difference (JND) theory to analyze
the similarities and differences in the distortion sensitivity of VLM and VLA, as shown in Figure 7.
The sensitivity is divided into three levels, Mild, Medium, and Severe, each accounting for one-third
of all image samples, according to the Cognition and Decision scores. Results shows although
VLM and VLA have certain commonalities in sensitivity, there are also distortions such as Dis02
‘Lens blur’ that mainly affect VLM, or Dis15 (Multiplicative noise) that mainly affect VLA. This
VLM&VLA-based partition further explains the gap between Cognition and Decision, and can serve
as an important reference in the IQA for the Embodied AI topic in the future.
6


Position
Rotation
State
All
Position
Rotation
State
All
1.00
0.20
0.30
0.64
0.20
1.00
0.08
0.54
0.30
0.08
1.00
0.79
0.64
0.54
0.79
1.00
Real Simulation First
Third Mechanical Daily Electronic
Tool
Others
Home IndustrialSoftware
Lab
Others
Sim2Real          Perspective                           Main Object                                              Background                
1
2
3
4
5
Score
Figure 6: Correlation between the general Decision score and the 3 dimensions from VLAs, and the
score distribution in Sim2Real, First/Third perspectives, Main object, and Background sub-categories.
Dis01
Dis02
Dis03
Dis04
Dis05
Dis06
Dis07
Dis08
Dis09
Dis10
Dis11
Dis12
Dis13
Dis14
Dis15
Dis16
Dis17
Dis18
Dis19
Dis20
Dis21
Dis22
Dis23
Dis24
Dis25
Dis26
Dis27
Dis28
Dis29
Dis30
Level 5
Level 4
Level 3
Level 2
Level 1
Level 1
Level 2
Level 3
Level 4
Level 5
3.08
3.05
2.97
3.76
3.64
3.35
3.62
3.86
3.21
3.34
3.44
3.16
3.35
3.20
3.52
3.28
3.15
3.47
3.21
3.59
3.48
3.08
3.62
3.70
3.78
3.77
3.37
3.64
3.26
3.54
3.22
3.07
3.22
3.77
3.73
3.64
3.62
3.91
3.36
3.37
3.51
3.25
3.50
3.52
3.63
3.31
3.15
3.54
3.45
3.83
3.66
3.35
3.66
3.76
3.80
3.81
3.42
3.65
3.31
3.69
3.44
3.28
3.30
3.83
3.74
3.68
3.68
3.91
3.36
3.37
3.52
3.46
3.74
3.64
3.70
3.31
3.17
3.57
3.75
3.83
3.75
3.61
3.73
3.76
3.83
3.84
3.50
3.83
3.33
3.77
3.63
3.34
3.48
3.89
3.75
3.75
3.69
3.92
3.43
3.38
3.55
3.55
3.77
3.77
3.73
3.38
3.30
3.63
3.76
3.84
3.79
3.75
3.76
3.78
3.85
3.88
3.71
3.86
3.53
3.89
3.80
3.46
3.56
3.93
3.80
3.84
3.71
3.92
3.53
3.53
3.61
3.73
3.81
3.80
3.82
3.44
3.31
3.84
3.86
3.96
3.90
3.81
3.83
3.82
3.85
3.91
3.80
3.87
3.71
3.94
3.37
3.27
3.33
3.35
3.28
3.27
3.29
3.31
3.28
3.26
3.28
3.23
3.28
3.30
3.26
3.23
3.27
3.29
3.30
3.34
3.37
3.32
3.29
3.35
3.34
3.35
3.31
3.36
3.27
3.35
3.33
3.27
3.30
3.32
3.26
3.26
3.27
3.29
3.27
3.19
3.23
3.17
3.25
3.26
3.24
3.22
3.27
3.26
3.29
3.29
3.33
3.30
3.28
3.32
3.34
3.31
3.30
3.28
3.27
3.31
3.25
3.25
3.26
3.27
3.26
3.24
3.25
3.27
3.25
3.17
3.22
3.17
3.21
3.25
3.23
3.22
3.26
3.22
3.25
3.26
3.28
3.25
3.28
3.29
3.30
3.29
3.26
3.27
3.23
3.25
3.25
3.24
3.25
3.25
3.25
3.21
3.25
3.27
3.25
3.16
3.21
3.15
3.21
3.15
3.19
3.22
3.20
3.20
3.23
3.23
3.23
3.24
3.25
3.25
3.28
3.27
3.18
3.26
3.18
3.24
3.23
3.18
3.18
3.23
3.22
3.07
3.21
3.26
3.25
3.15
3.21
3.14
3.19
3.14
3.19
3.19
3.14
3.15
3.23
3.21
3.20
3.17
3.23
3.24
3.27
3.25
3.16
3.16
3.17
3.22
VLA Distortion Sensitivity
VLM Distortion Sensitivity
Mild
Medium
Severe
Mild
Medium
Severe
Figure 7: Just-Noticable-Difference (JND) of VLMs and VLAs. Distortion order follows Figure 5.
5
EXPERIMENT
5.1
EXPERIMENT SETUPS
We randomly partitioned the Embodied-IQA database into the train/val set, with 29,520 and 7,380
reference/distorted image pairs according to an 8:2 ratio. Since VLA is more downstream than VLM
in the Mertonian system of Embodied AI, and previous machine-oriented IQA works are all based on
VLM, we use the Decision scores from VLA in the main experiment and put the Cognition scores
from VLM in the supplementary. 15 objective IQA metrics are implemented to predict the Decision
score, including: (1) 5 baseline metrics: PSNR, SSIM Wang (2004), Brisque Mittal et al. (2012),
Q-Align Wu et al. (2024), and Q-Align+ Zhang et al. (2025). Q-Align and Q-Align+ are loaded
in quality/aesthetic weights. As the most commonly used IQA metrics, they are performed in a
Zero-shot setting; (2) 5 Full-Reference (FR) metrics: AHIQ Lao et al. (2022), CKDN Zheng et al.
(2021), DISTS Ding et al. (2020), LPIPS Zhang et al. (2018a), and TOPIQ-FR Chen et al. (2024a).
Those learning-based metrics are fine-tuned on our training set, which takes both reference/distorted
images as inputs; (3) 5 No-Reference (NR) metrics: CLIPIQA Wang et al. (2023), CNNIQA Kang
et al. (2014), DBCNN Zhang et al. (2018b), QualiClip Agnolucci et al. (2025), and TOPIQ-NR Chen
et al. (2024a). They are also fine-tuned on a training set, which takes only distorted images as inputs.
To benchmark the performance of quality metrics, three global indicators were employed: SRCC,
Kendall Rank-order Correlation Coefficient (KRCC), and Pearson Linear Correlation Coefficient
(PLCC), to evaluate the consistency between the objective quality score and the subjective MOS.
Among these, SRCC and KRCC represent the prediction monotonicity, while PLCC measures the
accuracy. We train the FR/NR metrics on Embodied-IQA with the learning rate as 10−5 for 50
epochs, under the default settings in pyiqa toolbox, and evaluate the performance on (1) 3 scoring
dimension; (2) 3 JND-based distortion sensitivity in Figure 7; (3) First/Third person perspective; (4)
Sim2Real; (5) 5 Distortion level. The partitioning, training, and testing pipeline is repeated 10 times,
and the mean value is reported as the experimental result. The perception module is based on the
Intel RealSense D455 array, supporting both First-person (wrist) and Third-person (top, side) as input.
Cognition and Decision annotations are collected on two servers with 16×NVIDIA A800 SXM4
80GB GPUs, and then conduct IQA training/validation on one GPU above. Execution is achieved
through the UR5 robotic arm and Robotiq 2F-140 gripper, with a working radius of 85cm.
5.2
RESULT AND DISCUSSION
Table 2 presents the performance of advanced quality metrics on the Embodied-IQA database. For
the three dimensions of the 7-DoF VLA output, Position is the easiest to predict, followed by State,
with Rotation being the most difficult. The SRCC of FR IQA methods with subjective labels is less
than 0.65, while NR is even less than 0.6. Note that these methods have a correlation close to 0.9
7


Table 2: Using 15 advanced IQA metrics to evaluate the Decision score from VLAs, including
zero-shot, FR, and NR metrics. [Keys: Best/Second best in group; Baseline; Lower than baseline.]
Dimension
Position
Rotation
State
First Perspective
Third Perspective
Group
Metric
SRCC↑KRCC↑PLCC↑
SRCC↑KRCC↑PLCC↑
SRCC↑KRCC↑PLCC↑
SRCC↑KRCC↑PLCC↑
SRCC↑KRCC↑PLCC↑
Zero
PSNR
0.2762
0.1872
0.3094
0.2594
0.1756
0.3035
0.2284
0.1522
0.2271
0.4059
0.2763
0.4373
0.3949
0.2693
0.4376
SSIM Wang (2004)
0.4862
0.3345
0.4438
0.4246
0.2891
0.3912
0.3607
0.2468
0.3216
0.5834
0.4101
0.5256
0.5478
0.3815
0.5132
Brisque Mittal et al. (2012)
0.3073
0.2051
0.2707
0.2752
0.1826
0.2519
0.3335
0.2255
0.2986
0.3302
0.2210
0.2634
0.4020
0.2688
0.3836
Q-Align Wu et al. (2024)
0.5325
0.3641
0.4869
0.5387
0.3758
0.5329
0.3791
0.2552
0.3346
0.6658
0.4715
0.5992
0.5854
0.4030
0.5578
Q-Align+ Zhang et al. (2025)
0.3275
0.2157
0.2410
0.3596
0.2465
0.2818
0.1492
0.0972
0.1272
0.4663
0.3167
0.4283
0.3104
0.2021
0.2649
FR
AHIQ Lao et al. (2022)
0.7481
0.5496
0.7467
0.6454
0.4655
0.6435
0.6465
0.4609
0.6590
0.8011
0.6014
0.8025
0.7989
0.6007
0.7959
CKDN Zheng et al. (2021)
0.6748
0.4807
0.6771
0.6061
0.4278
0.6001
0.6324
0.4515
0.6410
0.7716
0.5720
0.7610
0.7641
0.5624
0.7596
DISTS Ding et al. (2020)
0.5797
0.4010
0.5846
0.5366
0.3746
0.5390
0.4653
0.3180
0.4611
0.6458
0.4624
0.6249
0.6545
0.4654
0.6642
LPIPS Zhang et al. (2018a)
0.3922
0.2642
0.3511
0.2972
0.1994
0.2378
0.4210
0.2890
0.3852
0.4697
0.3205
0.4168
0.4821
0.3313
0.4805
TOPIQ-FR Chen et al. (2024a)
0.7748
0.5794
0.7827
0.6428
0.4607
0.6480
0.6684
0.4826
0.6727
0.8307
0.6371
0.8297
0.8322
0.6404
0.8298
NR
